TotCrimeIndex,HealthCare,MedAge,EducIndex,UnemployRate,MedHouseIncome,AdultPov,hivCase
258,28081769,41,4.9,0.016262861,136842,0.086175396,24
208,19969490,27,4.760837619,0.02605724,135893,0.223412112,15
304,22170778,32,4.493936331,0.044558466,99063,0.122657581,14
242,7713313,43,4.632478632,0.021668472,182578,0.060142712,5
179,12930039,30,4.605034722,0.029964043,89191,0.162598831,18
173,14622436,40,4.707066869,0.01589404,104375,0.05796514,13
287,23164734,47,4.625745257,0.028460039,113922,0.129851288,13
188,24225532,44,4.384237726,0.029756252,81039,0.029192345,34
126,8714904,31,4.288297872,0.031097135,66352,0.084960938,11
176,32766762,44,4.534593725,0.067533905,118569,0.141443084,13
206,13690398,39,4.787100157,0.021512838,92384,0.095154699,12
242,25340794,20,4.827859978,0.067877216,219583,0.105963529,8
249,11947242,43,4.438466711,0.053791887,179167,0.060305344,5
274,32134275,40,4.78183613,0.024840138,147500,0.06086554,19
183,10867344,34,4.376014427,0.030098832,89119,0.193677471,11
234,27738266,43,4.676586699,0.013209013,128909,0.08957363,14
230,22933783,37,4.716346154,0.030874786,109405,0.087190527,23
226,15944412,36,4.89984,0.041971506,79098,0.139300135,14
86,30323262,35,4.782186506,0.035508828,78140,0.089420655,16
274,14526059,40,4.682139699,0.011305242,126576,0.067039106,9
236,15626833,47,4.155902004,0.056771546,87826,0.044950379,19
263,30302491,47,4.686655606,0.006706408,179859,0.036489152,15
273,18628308,49,4.314719272,0.035360069,135403,0.063091483,32
228,8414848,39,3.691609977,0.114314115,106154,0.108229426,32
251,5418047,40,2.866986481,0.156415695,38000,0.129429134,63
153,5865353,37,2.65430222,0.118912338,38007,0.216859717,86
285,7738035,43,3.155514706,0.088720464,53750,0.030267296,71
237,4450166,44,3.189757058,0.083486239,64196,0.069444444,21
231,6642156,39,3.12118019,0.05615142,47878,0.073751452,58
247,10652138,44,3.219005197,0.105117566,56808,0.1244,87
266,7140883,36,2.334256439,0.136510211,43769,0.151443724,104
305,7477161,33,2.857015458,0.107620079,45046,0.138372447,119
272,6089854,37,2.714869281,0.191992282,60882,0.021294021,72
194,4686715,40,3.009416196,0.124923077,44096,0.148803828,67
196,6153920,38,2.935438922,0.131042516,54167,0.11980198,75
19,7295363,46,3.366609294,0.017883756,54022,0.32912844,35
351,6914443,37,3.015937732,0.173103135,63342,0.122052131,71
280,4841358,40,3.0284126,0.280100334,32067,0.359455959,58
132,10117742,35,2.659617033,0.105955907,42604,0.126163109,117
314,11223888,47,4.189456343,0.048997773,126944,0.050203528,42
119,15507236,33,3.814888337,0.065532131,58659,0.103100216,107
153,16693524,33,3.875849912,0.074940836,99524,0.079210334,98
15,7013213,30,2.925565082,0.113015285,46393,0.185936934,100
30,6031325,31,2.743390358,0.066551127,45625,0.159251304,95
185,7358691,30,3.153518822,0.079442771,60861,0.138733706,97
14,6753725,30,3.509515571,0.109485816,60459,0.198379004,75
63,6112523,33,2.939149165,0.084571429,74637,0.0808933,61
195,8636527,36,2.791322945,0.080552747,62361,0.163767247,102
407,9527286,36,3.746776689,0.109547739,86101,0.18234767,93
296,4762794,33,3.903606965,0.078612717,97216,0.129842932,72
199,3766481,21,3.102147971,0.130963096,46365,0.177257525,93
217,3594261,24,2.87150838,0.144044321,63510,0.206229353,84
23,7952289,34,3.217552118,0.05115758,47656,0.169031851,125
35,7805318,29,3.38787071,0.056029233,60324,0.156305506,144
37,14380414,34,4.052893428,0.049125729,79120,0.077874244,115
94,14755994,35,4.177850656,0.074693423,76107,0.059757943,95
275,17952718,38,4.770439129,0.062641509,98425,0.034853541,37
113,11834796,35,4.442176871,0.012029289,89189,0.042260692,63
202,14278801,43,4.615853659,0.052316891,105341,0.042406312,51
82,14629344,31,4.423752151,0.028609896,89353,0.09516129,128
57,11871798,33,4.672265093,0.045751634,81326,0.061918063,70
134,10259148,36,3.80754557,0.056661562,64959,0.162591163,92
361,20344843,34,3.975138122,0.052338812,101853,0.11237785,138
192,5932436,35,3.042348412,0.056511057,78257,0.089622642,120
144,8015817,30,2.991752577,0.245447924,19572,0.324520477,105
106,7159091,38,3.476806084,0.209302326,70490,0.293963255,45
321,6416952,39,3.612149533,0.063555913,82866,0.08113879,88
47,7870257,35,3.054150022,0.059570313,57943,0.127668845,89
190,4710664,31,3.327471195,0.082362082,50948,0.179584121,75
185,9565162,30,3.916051661,0.048094374,89267,0.112510154,79
204,6977782,36,4.235446313,0.056521739,135313,0.104958146,83
49,20204765,34,3.688301593,0.046484466,81744,0.09601095,193
40,23184205,33,4.545321024,0.03277972,72340,0.101414624,226
60,24530317,33,4.809168925,0.022988506,93006,0.088997122,137
122,31412625,33,4.717403902,0.039921035,94489,0.155332856,89
102,19285990,29,4.541459127,0.01963141,64028,0.343244804,38
321,15056102,34,4.433150569,0.014622642,120329,0.034362766,27
152,6989335,32,3.555769973,0.148381673,83911,0.37544312,103
309,NA,,0,0,,NA,NA
44,1777766,40,2.407862408,0.18907563,20965,0.301628106,83
223,10972184,33,4.444548432,0.037628866,127963,0.034158416,24
239,7900762,33,4.859813084,0.018102824,123170,0.071041949,14
304,18856011,38,4.522789013,0.019101521,145313,0.039961328,50
203,5194725,36,3.411764706,0.09948793,83618,0.074664965,60
282,5395082,35,3.634241245,0.038777032,99500,0.066834805,49
18,NA,33,1.877008032,0.172413793,,1,412
278,8057050,37,4.137526652,0.059462916,118500,0.061791383,51
223,9534512,32,4.421470122,0.029265255,102054,0.067094516,50
265,4937934,31,3.097547974,0.200792602,39861,0.368684342,102
295,8635206,31,3.642910171,0.054680259,80313,0.04804139,54
183,2813835,23,3.350455675,0.084427767,66990,0.018825301,NA
124,4120151,36,2.333333333,0.276682529,32000,0.346679228,104
25,1280360,28,1.922194922,0.259259259,16000,0.453373768,91
12,2806171,25,2.055427252,0.191328286,31647,0.252252252,65
12,3096211,24,2.353191489,0.143101971,26681,0.397443347,88
13,2097349,22,2.066150598,0.273120138,27333,0.391082803,68
75,4198138,30,2.604849279,0.185633001,36332,0.171532847,81
17,2079943,25,2.01826484,0.193688792,19175,0.448405253,113
118,4145771,25,2.283272916,0.275911365,25369,0.402510085,97
85,4394045,29,2.379123173,0.208092486,31458,0.423695567,137
221,2073440,30,2.202398801,0.256544503,30313,0.342019544,67
50,2258876,32,2.359364202,0.0781893,19519,0.415814588,87
210,5996259,46,2.415615411,0.202973128,40681,0.191744841,125
223,10029013,46,2.957551523,0.136324786,49458,0.143329658,75
255,7253126,47,2.928624813,0.129709365,51074,0.16722408,107
18,4452412,41,2.539945967,0.151033386,41773,0.295087977,89
136,6838751,29,2.392267019,0.169218039,32220,0.24340836,118
118,4930214,34,2.532344458,0.164606742,46680,0.115145724,93
157,2539208,33,2.517361111,0.232365145,29063,0.310673822,79
314,2785730,39,2.513513514,0.202105263,28490,0.246268657,61
250,3735534,40,2.531359759,0.282664942,25577,0.238172043,111
114,3216793,35,2.19792695,0.211818182,26833,0.229943146,101
286,2836472,38,2.527236046,0.231740307,42390,0.173323823,56
310,1993547,36,2.158377965,0.16433942,26989,0.20351951,55
233,3667452,23,1.923611111,0.291891892,24375,0.332979852,99
201,3583038,37,2.375474083,0.200587084,21332,0.329663212,70
212,6645695,33,2.634224172,0.211052632,31765,0.252431118,117
280,2888574,47,2.815442561,0.108843537,43000,0.090723751,60
171,8505447,35,3.781809614,0.022316684,94931,0.080838323,69
107,11702298,35,3.675942878,0.069878472,96385,0.081210779,79
305,13051858,31,4.471208435,0.028865979,128523,0.060085837,50
223,12152100,31,4.655269321,0.031418753,85484,0.138307552,18
84,9627961,31,4.329545455,0.016012397,121058,0.116310768,49
160,8778291,32,4.584750411,0.003771213,96823,0.055872292,41
136,6201264,35,3.443293034,0.139189189,64261,0.101735488,86
318,5051275,35,3.506862745,0.092750533,104710,0.06012024,59
172,4555679,34,2.865540044,0.141891892,54750,0.136454849,78
309,2608144,36,2.720211827,0.181055156,51650,0.172958736,72
164,6178479,38,2.689555126,0.202156334,41746,0.24384058,139
216,1475608,22,2.387539599,0.170967742,27344,0.459649123,63
190,2976735,41,2.168706294,0.187623436,26615,0.388181818,107
17,2723520,34,2.315727003,0.235910878,30020,0.224014337,84
102,2797849,44,2.112176814,0.246416759,27601,0.304531978,123
180,7228296,49,2.926183844,0.026122449,32287,0.097168597,44
96,4859815,35,2.293522267,0.167170191,31544,0.269772481,109
68,2800649,26,3.006112469,0.232360097,41902,0.165605096,34
254,4419937,26,2.899456522,0.205280172,46159,0.192807626,70
29,2915211,40,2.195227766,0.15625,31290,0.176853056,66
239,9376243,42,3.675524476,0.092134831,75833,0.132467532,45
347,2991547,43,2.756620429,0.054347826,65700,0.045092838,25
282,11376374,45,3.222722884,0.194971146,69639,0.068411215,74
234,5930515,22,2.623678647,0.098389982,40528,0.229813665,83
142,7589996,47,3.455587393,0.113978495,77451,0.168110919,34
311,5881134,45,2.945143885,0.181946403,52095,0.150715072,58
234,5547884,49,2.950649351,0.102929533,66591,0.08864084,39
19,3719800,46,2.699755899,0.039889959,52981,0.021694215,20
255,6040223,40,2.935248518,0.093686354,51525,0.031818182,50
343,7544183,45,2.905301497,0.189557321,66341,0.028061224,36
358,2660485,18,2.570688379,0.160409556,45000,0.289494787,38
14,3085396,29,2.069925743,0.213217939,25307,0.326359833,93
217,4393454,40,2.636045931,0.140268456,41898,0.152173913,102
220,3302417,48,2.624075319,0.159390863,43588,0.076547231,42
20,3270954,33,2.418155826,0.269005848,30821,0.343665768,50
14,2048766,25,2.364963504,0.372759857,28900,0.352800954,44
246,1363153,26,2.318796992,0.270089286,24464,0.537790698,38
280,2618664,32,2.360204734,0.305423406,26471,0.216488357,81
14,3268908,27,2.453488372,0.215199398,50156,0.2172949,62
56,4281466,39,2.483414239,0.234988453,38500,0.248888889,74
73,2143648,26,2.171979866,0.058823529,26515,0.287104623,73
21,3412714,26,2.181258874,0.342269327,25750,0.329411765,108
187,7165290,53,3.425776755,0.088495575,80036,0.089299461,30
211,6384056,46,2.739173228,0.226056338,52379,0.181596587,59
45,2490938,41,2.680089485,0.142259414,54667,0.145141451,38
157,2257611,35,2.305293006,0.210285714,37931,0.214814815,69
358,2836392,36,2.547454431,0.238431373,36185,0.181077694,71
193,1726719,41,2.20510397,0.159806295,40085,0.16007533,40
15,2360682,29,2.155,0.211359404,24459,0.315565032,76
228,8244986,33,4.044146825,0.02425876,56771,0.133832475,57
92,9292597,40,4.393488372,0.045378151,76414,0.089030207,52
409,7007900,38,3.150438947,0.166195857,55910,0.172110553,44
172,4131684,36,2.535816619,0.234693878,29873,0.243609605,141
51,10668706,36,3.566309342,0.06462585,59583,0.16770003,129
295,10320583,32,3.393601725,0.087439793,76680,0.170259987,106
297,6628957,27,4.449023861,0.05,59522,0.304129464,35
221,1577772,20,4.539452496,0.059701493,13672,0.630404463,11
65,3578002,24,2.550102249,0.205501618,29667,0.475024015,63
182,15906192,50,4.124600639,0.090267983,74500,0.175765095,77
253,8846496,45,2.651256862,0.188942098,60268,0.132321807,85